2500 5.0e-3 10 1 9.1e-5   10 0.03
2501 2.5e-2 10 1 9.1e-5   10 0.03
2502 5.0e-3 10 1 9.1e-5   10 0.05
2503 2.5e-2 10 1 9.1e-5   10 0.05
2504 5.0e-3 20 1.5 9.1e-5   10 0.03
2505 2.5e-2 20 1.5 9.1e-5   10 0.03
2506 5.0e-3 20 1.5 9.1e-5   10 0.05
2507 2.5e-2 20 1.5 9.1e-5   10 0.05
2508 5.0e-3 30 2.5 9.1e-5   10 0.03
2509 2.5e-2 30 2.5 9.1e-5   10 0.03
2510 5.0e-3 30 2.5 9.1e-5   10 0.05
2511 2.5e-2 30 2.5 9.1e-5   10 0.05
2512 5.0e-3 40 2.5 9.1e-5   10 0.03
2513 2.5e-2 40 2.5 9.1e-5   10 0.03
2514 5.0e-3 40 2.5 9.1e-5   10 0.05
2515 2.5e-2 40 2.5 9.1e-5   10 0.05
