i dt t ke 
0 8.85437e-06 0 0
5 3.66616e-05 0.000116999 1.58711e-05
10 5.91162e-05 0.000371817 8.66627e-05
15 7.1557e-05 0.000711075 0.000202868
20 8.22559e-05 0.00110165 0.000334391
25 8.22559e-05 0.00151293 0.000459224
30 8.22559e-05 0.00192421 0.000570531
35 8.22559e-05 0.00233549 0.000669862
40 9.25926e-05 0.00277778 0.000766913
45 9.25926e-05 0.00324074 0.000859601
50 9.25926e-05 0.0037037 0.000976959
55 9.25926e-05 0.00416667 0.00109728
60 9.25926e-05 0.00462963 0.00119715
65 9.61538e-05 0.00509615 0.0012845
70 9.61538e-05 0.00557692 0.00136539
75 9.61538e-05 0.00605769 0.00144035
80 9.61538e-05 0.00653846 0.00151422
85 9.61538e-05 0.00701923 0.00159342
90 9.61538e-05 0.0075 0.00166985
95 9.61538e-05 0.00798077 0.00173473
100 9.61538e-05 0.00846154 0.00181318
105 9.61538e-05 0.00894231 0.00195136
110 9.61538e-05 0.00942308 0.00206843
115 9.61538e-05 0.00990385 0.00216573
120 9.61538e-05 0.0103846 0.00224952
125 9.61538e-05 0.0108654 0.00233974
130 9.61538e-05 0.0113462 0.00243303
135 9.61538e-05 0.0118269 0.00248651
140 9.61538e-05 0.0123077 0.00252145
145 9.61538e-05 0.0127885 0.00259682
150 9.61538e-05 0.0132692 0.00265535
155 9.61538e-05 0.01375 0.00270389
160 9.61538e-05 0.0142308 0.00275483
165 9.61538e-05 0.0147115 0.00294364
170 9.61538e-05 0.0151923 0.00310099
175 9.61538e-05 0.0156731 0.00316147
180 9.61538e-05 0.0161538 0.003212
185 9.61538e-05 0.0166346 0.0032981
190 9.61538e-05 0.0171154 0.00338681
195 9.61538e-05 0.0175962 0.00348614
200 9.61538e-05 0.0180769 0.0035849
205 9.61538e-05 0.0185577 0.00367773
210 9.61538e-05 0.0190385 0.00380302
215 9.61538e-05 0.0195192 0.00392959
220 9.61538e-05 0.02 0.00405198
225 9.61538e-05 0.0204808 0.00417236
230 9.61538e-05 0.0209615 0.00429851
235 9.61538e-05 0.0214423 0.00441971
240 9.61538e-05 0.0219231 0.00456444
245 9.61538e-05 0.0224038 0.00471044
250 9.61538e-05 0.0228846 0.0048683
255 9.61538e-05 0.0233654 0.00501205
260 9.61538e-05 0.0238462 0.0051653
265 9.61538e-05 0.0243269 0.00531219
270 9.61538e-05 0.0248077 0.00550003
275 9.61538e-05 0.0252885 0.00568581
280 9.61538e-05 0.0257692 0.00584645
285 9.61538e-05 0.02625 0.00600237
290 9.61538e-05 0.0267308 0.00616138
295 9.61538e-05 0.0272115 0.00631946
300 9.61538e-05 0.0276923 0.006491
305 9.61538e-05 0.0281731 0.00664196
310 9.61538e-05 0.0286538 0.00682495
315 9.61538e-05 0.0291346 0.00701032
320 9.61538e-05 0.0296154 0.00720261
325 9.61538e-05 0.0300962 0.00740114
330 9.61538e-05 0.0305769 0.00760135
335 9.61538e-05 0.0310577 0.00779972
340 9.61538e-05 0.0315385 0.00799391
345 9.61538e-05 0.0320192 0.0081965
350 9.61538e-05 0.0325 0.0084078
355 9.61538e-05 0.0329808 0.00861092
360 9.61538e-05 0.0334615 0.0088232
365 9.61538e-05 0.0339423 0.00902422
370 9.61538e-05 0.0344231 0.00924509
375 9.61538e-05 0.0349038 0.00943622
380 9.61538e-05 0.0353846 0.00963614
385 9.61538e-05 0.0358654 0.00986485
390 9.61538e-05 0.0363462 0.0100663
395 9.61538e-05 0.0368269 0.010262
400 9.61538e-05 0.0373077 0.0104625
405 9.61538e-05 0.0377885 0.0106844
410 9.61538e-05 0.0382692 0.0109127
415 9.61538e-05 0.03875 0.0111366
420 9.61538e-05 0.0392308 0.0113425
425 9.61538e-05 0.0397115 0.0115319
430 9.61538e-05 0.0401923 0.0117592
435 9.61538e-05 0.0406731 0.0119918
440 9.61538e-05 0.0411538 0.0121764
445 9.61538e-05 0.0416346 0.0123863
450 9.61538e-05 0.0421154 0.0125976
455 9.61538e-05 0.0425962 0.0128471
460 9.61538e-05 0.0430769 0.0130979
465 9.61538e-05 0.0435577 0.0132661
470 9.61538e-05 0.0440385 0.0134305
475 9.61538e-05 0.0445192 0.0136295
480 9.61538e-05 0.045 0.0138397
485 9.61538e-05 0.0454808 0.0140632
490 9.61538e-05 0.0459615 0.0142321
495 9.61538e-05 0.0464423 0.0144242
500 9.61538e-05 0.0469231 0.0146268
505 9.61538e-05 0.0474038 0.0148192
510 9.61538e-05 0.0478846 0.0149794
515 9.61538e-05 0.0483654 0.015144
520 9.61538e-05 0.0488462 0.0153591
525 9.61538e-05 0.0493269 0.0155821
530 9.61538e-05 0.0498077 0.0157661
535 9.61538e-05 0.0502885 0.0159492
540 9.61538e-05 0.0507692 0.0161396
545 9.61538e-05 0.05125 0.0164068
550 9.61538e-05 0.0517308 0.016626
555 9.61538e-05 0.0522115 0.0168249
560 9.61538e-05 0.0526923 0.0170146
565 9.61538e-05 0.0531731 0.0172298
570 9.61538e-05 0.0536538 0.0174959
575 9.61538e-05 0.0541346 0.017706
580 9.61538e-05 0.0546154 0.0179104
585 9.61538e-05 0.0550962 0.0181118
590 9.61538e-05 0.0555769 0.0183654
595 9.61538e-05 0.0560577 0.0186322
600 9.61538e-05 0.0565385 0.0188447
605 9.61538e-05 0.0570192 0.0190589
610 9.61538e-05 0.0575 0.0192772
615 9.61538e-05 0.0579808 0.0195221
620 9.61538e-05 0.0584615 0.0197671
625 9.61538e-05 0.0589423 0.0199986
630 9.61538e-05 0.0594231 0.0202242
635 9.61538e-05 0.0599038 0.0204652
640 9.61538e-05 0.0603846 0.0207278
645 9.61538e-05 0.0608654 0.0209879
650 9.61538e-05 0.0613462 0.0212264
655 9.61538e-05 0.0618269 0.021475
660 9.61538e-05 0.0623077 0.0217506
665 9.61538e-05 0.0627885 0.0220064
670 9.61538e-05 0.0632692 0.0223041
675 9.61538e-05 0.06375 0.0225648
680 9.61538e-05 0.0642308 0.0228364
685 9.61538e-05 0.0647115 0.0231116
690 9.61538e-05 0.0651923 0.02335
695 9.61538e-05 0.0656731 0.0236301
700 9.61538e-05 0.0661538 0.0238692
705 9.61538e-05 0.0666346 0.024135
710 9.61538e-05 0.0671154 0.024367
715 9.61538e-05 0.0675962 0.02459
720 9.61538e-05 0.0680769 0.0248444
725 9.61538e-05 0.0685577 0.0251009
730 9.61538e-05 0.0690385 0.025299
735 9.61538e-05 0.0695192 0.0255069
740 9.61538e-05 0.07 0.0256632
745 9.61538e-05 0.0704808 0.025938
750 9.61538e-05 0.0709615 0.0262379
755 9.61538e-05 0.0714423 0.0264513
760 9.61538e-05 0.0719231 0.0266737
765 9.61538e-05 0.0724038 0.0269408
770 9.61538e-05 0.0728846 0.0271354
775 9.61538e-05 0.0733654 0.0274012
780 9.61538e-05 0.0738462 0.0276899
785 9.61538e-05 0.0743269 0.0279196
790 9.61538e-05 0.0748077 0.0281475
795 9.61538e-05 0.0752885 0.0284013
800 9.61538e-05 0.0757692 0.0286809
805 9.61538e-05 0.07625 0.0289538
810 9.61538e-05 0.0767308 0.0292193
815 9.61538e-05 0.0772115 0.0294793
820 9.61538e-05 0.0776923 0.029764
825 9.61538e-05 0.0781731 0.030114
830 9.61538e-05 0.0786538 0.030412
835 9.61538e-05 0.0791346 0.0307321
840 9.61538e-05 0.0796154 0.0310183
845 9.61538e-05 0.0800962 0.0313239
850 9.61538e-05 0.0805769 0.0316738
855 9.61538e-05 0.0810577 0.0320004
860 9.61538e-05 0.0815385 0.0323344
865 9.61538e-05 0.0820192 0.0326639
870 9.61538e-05 0.0825 0.0329841
875 9.61538e-05 0.0829808 0.0333497
880 9.61538e-05 0.0834615 0.0336828
885 9.61538e-05 0.0839423 0.0339668
890 9.61538e-05 0.0844231 0.0342818
895 9.61538e-05 0.0849038 0.0346001
900 9.61538e-05 0.0853846 0.0349412
905 9.61538e-05 0.0858654 0.035272
910 9.61538e-05 0.0863462 0.0356816
915 9.61538e-05 0.0868269 0.0360199
920 9.61538e-05 0.0873077 0.0363544
925 9.61538e-05 0.0877885 0.0366036
930 9.61538e-05 0.0882692 0.0368905
935 9.61538e-05 0.08875 0.0372252
940 9.61538e-05 0.0892308 0.0376074
945 9.61538e-05 0.0897115 0.0379284
950 9.61538e-05 0.0901923 0.0382844
955 9.61538e-05 0.0906731 0.0385338
960 9.61538e-05 0.0911538 0.0388936
965 9.61538e-05 0.0916346 0.0392561
970 9.61538e-05 0.0921154 0.0395877
975 9.61538e-05 0.0925962 0.0399425
980 9.61538e-05 0.0930769 0.0403044
985 9.61538e-05 0.0935577 0.0406261
990 9.61538e-05 0.0940385 0.0409958
995 9.61538e-05 0.0945192 0.0413256
1000 9.61538e-05 0.095 0.0416858
1005 9.61538e-05 0.0954808 0.0420634
1010 9.61538e-05 0.0959615 0.0424139
1015 9.61538e-05 0.0964423 0.0427983
1020 9.61538e-05 0.0969231 0.0431272
1025 9.61538e-05 0.0974038 0.043451
1030 9.61538e-05 0.0978846 0.0438432
1035 9.61538e-05 0.0983654 0.0442127
1040 9.61538e-05 0.0988462 0.044592
1045 9.61538e-05 0.0993269 0.044952
1050 9.61538e-05 0.0998077 0.0452857
1055 9.61538e-05 0.100288 0.0456298
1060 9.61538e-05 0.100769 0.0460724
1065 9.61538e-05 0.10125 0.0464383
1070 9.61538e-05 0.101731 0.0467959
1075 9.61538e-05 0.102212 0.047149
1080 9.61538e-05 0.102692 0.0474901
1085 9.61538e-05 0.103173 0.0478611
1090 9.61538e-05 0.103654 0.0482837
1095 9.61538e-05 0.104135 0.0486788
1100 9.61538e-05 0.104615 0.0490382
1105 9.61538e-05 0.105096 0.0493793
1110 9.61538e-05 0.105577 0.0497684
1115 9.61538e-05 0.106058 0.0501433
1120 9.61538e-05 0.106538 0.0505618
1125 9.61538e-05 0.107019 0.0509484
1130 9.61538e-05 0.1075 0.0513192
1135 9.61538e-05 0.107981 0.0516892
1140 9.61538e-05 0.108462 0.0521273
1145 9.61538e-05 0.108942 0.0525324
1150 9.61538e-05 0.109423 0.0529557
1155 9.61538e-05 0.109904 0.0534057
1160 9.61538e-05 0.110385 0.0538343
1165 9.61538e-05 0.110865 0.0542209
1170 9.61538e-05 0.111346 0.0546049
1175 9.61538e-05 0.111827 0.0549972
1180 9.61538e-05 0.112308 0.0553881
1185 9.61538e-05 0.112788 0.055756
1190 9.61538e-05 0.113269 0.056116
1195 9.61538e-05 0.11375 0.0564737
1200 9.61538e-05 0.114231 0.0568902
1205 9.61538e-05 0.114712 0.0572998
1210 9.61538e-05 0.115192 0.0577287
1215 9.61538e-05 0.115673 0.0581593
1220 9.61538e-05 0.116154 0.0585478
1225 9.61538e-05 0.116635 0.058934
1230 9.61538e-05 0.117115 0.0593736
1235 9.61538e-05 0.117596 0.0598479
1240 9.61538e-05 0.118077 0.0602897
1245 9.61538e-05 0.118558 0.0607321
1250 9.61538e-05 0.119038 0.0611223
1255 9.61538e-05 0.119519 0.0615426
1260 9.61538e-05 0.12 0.0620343
1265 9.61538e-05 0.120481 0.0624853
1270 9.61538e-05 0.120962 0.0629263
1275 9.61538e-05 0.121442 0.0634086
1280 9.61538e-05 0.121923 0.0638443
1285 9.61538e-05 0.122404 0.0642941
1290 9.61538e-05 0.122885 0.0647514
1295 9.61538e-05 0.123365 0.0651816
1300 9.61538e-05 0.123846 0.0656266
1305 9.61538e-05 0.124327 0.0660742
1310 9.61538e-05 0.124808 0.066506
1315 9.61538e-05 0.125288 0.0669378
1320 9.61538e-05 0.125769 0.067406
1325 9.61538e-05 0.12625 0.0678531
1330 9.61538e-05 0.126731 0.0683077
1335 9.61538e-05 0.127212 0.0687459
1340 9.61538e-05 0.127692 0.0691116
1345 9.61538e-05 0.128173 0.0695431
1350 9.61538e-05 0.128654 0.0699977
1355 9.61538e-05 0.129135 0.0704407
1360 9.61538e-05 0.129615 0.0708712
1365 9.61538e-05 0.130096 0.0712843
1370 9.61538e-05 0.130577 0.0716685
1375 9.61538e-05 0.131058 0.0720901
1380 9.61538e-05 0.131538 0.0725274
1385 9.61538e-05 0.132019 0.0729593
1390 9.61538e-05 0.1325 0.0733736
1395 9.61538e-05 0.132981 0.0737849
1400 9.61538e-05 0.133462 0.0741795
1405 9.61538e-05 0.133942 0.0746031
1410 9.61538e-05 0.134423 0.0750386
1415 9.61538e-05 0.134904 0.0754395
1420 9.61538e-05 0.135385 0.0758312
1425 9.61538e-05 0.135865 0.0762288
1430 9.61538e-05 0.136346 0.0766465
1435 9.61538e-05 0.136827 0.0770654
1440 9.61538e-05 0.137308 0.0774676
1445 9.61538e-05 0.137788 0.0778245
1450 9.61538e-05 0.138269 0.0782029
1455 9.61538e-05 0.13875 0.0785839
1460 9.61538e-05 0.139231 0.0790074
1465 9.61538e-05 0.139712 0.079394
1470 9.61538e-05 0.140192 0.0797887
1475 9.61538e-05 0.140673 0.0801572
1480 9.61538e-05 0.141154 0.0805553
1485 9.61538e-05 0.141635 0.0809818
1490 9.61538e-05 0.142115 0.0813995
1495 9.61538e-05 0.142596 0.081816
