2500 9.1e-5 10 5.0e-3 1.2e-3 0.9 1 0.67 0.33 0.03 3 10 0.01 1
2501 9.1e-5 10 2.5e-2 1.2e-3 0.9 1 0.67 0.33 0.03 3 10 0.01 1
2502 9.1e-5 10 5.0e-3 1.2e-3 0.9 1 0.67 0.33 0.05 3 10 0.01 1
2503 9.1e-5 10 2.5e-2 1.2e-3 0.9 1 0.67 0.33 0.05 3 10 0.01 1
2504 9.1e-5 20 5.0e-3 1.2e-3 0.9 1 0.67 0.33 0.03 3 10 0.01 1.5
2505 9.1e-5 20 2.5e-2 1.2e-3 0.9 1 0.67 0.33 0.03 3 10 0.01 1.5
2506 9.1e-5 20 5.0e-3 1.2e-3 0.9 1 0.67 0.33 0.05 3 10 0.01 1.5
2507 9.1e-5 20 2.5e-2 1.2e-3 0.9 1 0.67 0.33 0.05 3 10 0.01 1.5
2508 9.1e-5 30 5.0e-3 1.2e-3 0.9 1 0.67 0.33 0.03 3 10 0.01 2.5
2509 9.1e-5 30 2.5e-2 1.2e-3 0.9 1 0.67 0.33 0.03 3 10 0.01 2.5
2510 9.1e-5 30 5.0e-3 1.2e-3 0.9 1 0.67 0.33 0.05 3 10 0.01 2.5
2511 9.1e-5 30 2.5e-2 1.2e-3 0.9 1 0.67 0.33 0.05 3 10 0.01 2.5
2512 9.1e-5 40 5.0e-3 1.2e-3 0.9 1 0.67 0.33 0.03 3 10 0.01 2.5
2513 9.1e-5 40 2.5e-2 1.2e-3 0.9 1 0.67 0.33 0.03 3 10 0.01 2.5
2514 9.1e-5 40 5.0e-3 1.2e-3 0.9 1 0.67 0.33 0.05 3 10 0.01 2.5
2515 9.1e-5 40 2.5e-2 1.2e-3 0.9 1 0.67 0.33 0.05 3 10 0.01 2.5
